0.000000000000000000e+00 1.222005045238921284e+00
1.010101010101010187e-02 1.249280494927492491e+00
2.020202020202020374e-02 1.276555944616063698e+00
3.030303030303030387e-02 1.303831394304634683e+00
4.040404040404040747e-02 1.331106843993205890e+00
5.050505050505051108e-02 1.358382293681777098e+00
6.060606060606060774e-02 1.385657743370348305e+00
7.070707070707071829e-02 1.412933193058919512e+00
8.080808080808081495e-02 1.440208642747490719e+00
9.090909090909091161e-02 1.467484092436061704e+00
1.010101010101010222e-01 1.494759542124632912e+00
1.111111111111111188e-01 1.522034991813204119e+00
1.212121212121212155e-01 1.549310441501775326e+00
1.313131313131313260e-01 1.576585891190346533e+00
1.414141414141414366e-01 1.603861340878917741e+00
1.515151515151515194e-01 1.631136790567488948e+00
1.616161616161616299e-01 1.658412240256060155e+00
1.717171717171717404e-01 1.685687689944631362e+00
1.818181818181818232e-01 1.712963139633202569e+00
1.919191919191919338e-01 1.740238589321773777e+00
2.020202020202020443e-01 1.767514039010344984e+00
2.121212121212121271e-01 1.794789488698915969e+00
2.222222222222222376e-01 1.822064938387487398e+00
2.323232323232323482e-01 1.849340388076058384e+00
2.424242424242424310e-01 1.876615837764629591e+00
2.525252525252525415e-01 1.903891287453200798e+00
2.626262626262626521e-01 1.931166737141772005e+00
2.727272727272727626e-01 1.958442186830343212e+00
2.828282828282828731e-01 1.985717636518914420e+00
2.929292929292929282e-01 2.012993086207485405e+00
3.030303030303030387e-01 2.040268535896056612e+00
3.131313131313131493e-01 2.067543985584627819e+00
3.232323232323232598e-01 2.094819435273199026e+00
3.333333333333333703e-01 2.122094884961770234e+00
3.434343434343434809e-01 2.149370334650341441e+00
3.535353535353535914e-01 2.176645784338912648e+00
3.636363636363636465e-01 2.203921234027483855e+00
3.737373737373737570e-01 2.231196683716055063e+00
3.838383838383838675e-01 2.258472133404626270e+00
3.939393939393939781e-01 2.285747583093197477e+00
4.040404040404040886e-01 2.313023032781768684e+00
4.141414141414141992e-01 2.340298482470339891e+00
4.242424242424242542e-01 2.367573932158910655e+00
4.343434343434343647e-01 2.394849381847482306e+00
4.444444444444444753e-01 2.422124831536053069e+00
4.545454545454545858e-01 2.449400281224624276e+00
4.646464646464646964e-01 2.476675730913195483e+00
4.747474747474748069e-01 2.503951180601767135e+00
4.848484848484848619e-01 2.531226630290337898e+00
4.949494949494949725e-01 2.558502079978909105e+00
5.050505050505050830e-01 2.585777529667480312e+00
5.151515151515152491e-01 2.613052979356051964e+00
5.252525252525253041e-01 2.640328429044622727e+00
5.353535353535353591e-01 2.667603878733193934e+00
5.454545454545455252e-01 2.694879328421765141e+00
5.555555555555555802e-01 2.722154778110335904e+00
5.656565656565657463e-01 2.749430227798907556e+00
5.757575757575758013e-01 2.776705677487478763e+00
5.858585858585858563e-01 2.803981127176049526e+00
5.959595959595960224e-01 2.831256576864620733e+00
6.060606060606060774e-01 2.858532026553192384e+00
6.161616161616162435e-01 2.885807476241763592e+00
6.262626262626262985e-01 2.913082925930334355e+00
6.363636363636364646e-01 2.940358375618905562e+00
6.464646464646465196e-01 2.967633825307477213e+00
6.565656565656565746e-01 2.994909274996047976e+00
6.666666666666667407e-01 3.022184724684619184e+00
6.767676767676767957e-01 3.049460174373190835e+00
6.868686868686869618e-01 3.076735624061762042e+00
6.969696969696970168e-01 3.104011073750332805e+00
7.070707070707071829e-01 3.131286523438904013e+00
7.171717171717172379e-01 3.158561973127475664e+00
7.272727272727272929e-01 3.185837422816046427e+00
7.373737373737374590e-01 3.213112872504617634e+00
7.474747474747475140e-01 3.240388322193188841e+00
7.575757575757576801e-01 3.267663771881760493e+00
7.676767676767677351e-01 3.294939221570330812e+00
7.777777777777777901e-01 3.322214671258902463e+00
7.878787878787879562e-01 3.349490120947473670e+00
7.979797979797980112e-01 3.376765570636044433e+00
8.080808080808081773e-01 3.404041020324615641e+00
8.181818181818182323e-01 3.431316470013187292e+00
8.282828282828283983e-01 3.458591919701758499e+00
8.383838383838384534e-01 3.485867369390329262e+00
8.484848484848485084e-01 3.513142819078900470e+00
8.585858585858586745e-01 3.540418268767472121e+00
8.686868686868687295e-01 3.567693718456042884e+00
8.787878787878788955e-01 3.594969168144614091e+00
8.888888888888889506e-01 3.622244617833185298e+00
8.989898989898991166e-01 3.649520067521756950e+00
9.090909090909091717e-01 3.676795517210327713e+00
9.191919191919192267e-01 3.704070966898898920e+00
9.292929292929293927e-01 3.731346416587470127e+00
9.393939393939394478e-01 3.758621866276040890e+00
9.494949494949496138e-01 3.785897315964612542e+00
9.595959595959596689e-01 3.813172765653183749e+00
9.696969696969697239e-01 3.840448215341754512e+00
9.797979797979798899e-01 3.867723665030325719e+00
9.898989898989899450e-01 3.894999114718897371e+00
1.000000000000000000e+00 3.922274564407468134e+00
