 from   to   via     T_slow    T_thermal     mfp_s       mfp_t    
  1385  1385     0   0.000E+00   0.000E+00   3.021E-03   4.620E-02
  1385  1371     0   9.661E-02   3.884E-01   3.021E-03   4.620E-02
  1385   947     0   1.291E-01   4.959E-01   3.021E-03   4.620E-02
  1371  1385     0   1.353E-01   5.404E-01   3.021E-03   4.405E-02
  1371  1371     0   0.000E+00   0.000E+00   3.021E-03   4.405E-02
  1371   947     0   7.019E-02   3.247E-01   3.021E-03   4.405E-02
   947  1385     0   1.553E-01   5.888E-01   3.021E-03   4.184E-02
   947  1371     0   6.028E-02   2.763E-01   3.021E-03   4.184E-02
   947   947     0   0.000E+00   0.000E+00   3.021E-03   4.184E-02
   494   494     1   0.000E+00   0.000E+00   2.792E-03   5.629E-02
   494  1528     1   2.164E-02   1.613E-01   2.792E-03   5.629E-02
   494  1748     1   1.438E-01   7.109E-01   2.792E-03   5.629E-02
  1528   494     1   2.810E-02   2.099E-01   2.792E-03   5.683E-02
  1528  1528     1   0.000E+00   0.000E+00   2.792E-03   5.683E-02
  1528  1748     1   1.261E-01   6.520E-01   2.792E-03   5.683E-02
  1748   494     1   1.046E-01   5.156E-01   2.792E-03   5.482E-02
  1748  1528     1   7.067E-02   3.634E-01   2.792E-03   5.482E-02
  1748  1748     1   0.000E+00   0.000E+00   2.792E-03   5.482E-02
  2204  2204     2   0.000E+00   0.000E+00   2.865E-09   2.865E-09
  2204  1763     2   4.560E-45   4.560E-45   2.865E-09   2.865E-09
  2204     7     2   1.283E-45   1.283E-45   2.865E-09   2.865E-09
  1763  2204     2   3.397E-45   3.397E-45   2.865E-09   2.865E-09
  1763  1763     2   0.000E+00   0.000E+00   2.865E-09   2.865E-09
  1763     7     2   2.446E-45   2.446E-45   2.865E-09   2.865E-09
     7  2204     2   1.641E-45   1.641E-45   2.865E-09   2.865E-09
     7  1763     2   4.202E-45   4.202E-45   2.865E-09   2.865E-09
     7     7     2   0.000E+00   0.000E+00   2.865E-09   2.865E-09
  1765  1765     3   0.000E+00   0.000E+00   3.155E-09   3.155E-09
  1765    24     3   2.500E-45   2.500E-45   3.155E-09   3.155E-09
  1765    23     3   3.343E-45   3.343E-45   3.155E-09   3.155E-09
    24  1765     3   4.250E-45   4.250E-45   3.155E-09   3.155E-09
    24    24     3   0.000E+00   0.000E+00   3.155E-09   3.155E-09
    24    23     3   1.593E-45   1.593E-45   3.155E-09   3.155E-09
    23  1765     3   4.564E-45   4.564E-45   3.155E-09   3.155E-09
    23    24     3   1.279E-45   1.279E-45   3.155E-09   3.155E-09
    23    23     3   0.000E+00   0.000E+00   3.155E-09   3.155E-09
  1275  1275     4   0.000E+00   0.000E+00   2.910E-09   2.910E-09
  1275  1276     4   9.884E-46   9.884E-46   2.910E-09   2.910E-09
  1275    44     4   4.854E-45   4.854E-45   2.910E-09   2.910E-09
  1276  1275     4   1.391E-45   1.391E-45   2.910E-09   2.910E-09
  1276  1276     4   0.000E+00   0.000E+00   2.910E-09   2.910E-09
  1276    44     4   4.452E-45   4.452E-45   2.910E-09   2.910E-09
    44  1275     4   3.537E-45   3.537E-45   2.910E-09   2.910E-09
    44  1276     4   2.306E-45   2.306E-45   2.910E-09   2.910E-09
    44    44     4   0.000E+00   0.000E+00   2.910E-09   2.910E-09
   217   217     5   0.000E+00   0.000E+00   3.119E-03   3.746E-02
   217   818     5   6.660E-03   6.260E-02   3.119E-03   3.746E-02
   217    21     5   8.817E-02   5.909E-01   3.119E-03   3.746E-02
   818   217     5   1.145E-02   1.084E-01   3.119E-03   3.793E-02
   818   818     5   0.000E+00   0.000E+00   3.119E-03   3.793E-02
   818    21     5   7.268E-02   5.067E-01   3.119E-03   3.793E-02
    21   217     5   6.647E-02   4.728E-01   3.119E-03   4.432E-02
    21   818     5   3.192E-02   2.358E-01   3.119E-03   4.432E-02
    21    21     5   0.000E+00   0.000E+00   3.119E-03   4.432E-02
    44    44     6   0.000E+00   0.000E+00   3.108E-09   3.108E-09
    44    23     6   1.340E-45   1.340E-45   3.108E-09   3.108E-09
    44    30     6   4.503E-45   4.503E-45   3.108E-09   3.108E-09
    23    44     6   3.775E-45   3.775E-45   3.108E-09   3.108E-09
    23    23     6   0.000E+00   0.000E+00   3.108E-09   3.108E-09
    23    30     6   2.068E-45   2.068E-45   3.108E-09   3.108E-09
    30    44     6   5.024E-45   5.024E-45   3.108E-09   3.108E-09
    30    23     6   8.188E-46   8.188E-46   3.108E-09   3.108E-09
    30    30     6   0.000E+00   0.000E+00   3.108E-09   3.108E-09
  2205  2205     7   0.000E+00   0.000E+00   2.888E-09   2.888E-09
  2205     2     7   2.493E-45   2.493E-45   2.888E-09   2.888E-09
  2205  1275     7   3.350E-45   3.350E-45   2.888E-09   2.888E-09
     2  2205     7   1.371E-45   1.371E-45   2.888E-09   2.888E-09
     2     2     7   0.000E+00   0.000E+00   2.888E-09   2.888E-09
     2  1275     7   4.472E-45   4.472E-45   2.888E-09   2.888E-09
  1275  2205     7   1.705E-45   1.705E-45   2.888E-09   2.888E-09
  1275     2     7   4.138E-45   4.138E-45   2.888E-09   2.888E-09
  1275  1275     7   0.000E+00   0.000E+00   2.888E-09   2.888E-09
  1699  1699     8   0.000E+00   0.000E+00   2.865E-03   5.425E-02
  1699  1700     8   2.937E-02   1.974E-01   2.865E-03   5.425E-02
  1699   735     8   1.180E-01   6.527E-01   2.865E-03   5.425E-02
  1700  1699     8   6.327E-02   4.191E-01   2.865E-03   5.084E-02
  1700  1700     8   0.000E+00   0.000E+00   2.865E-03   5.084E-02
  1700   735     8   5.480E-02   3.759E-01   2.865E-03   5.084E-02
   735  1699     8   1.209E-01   6.569E-01   2.865E-03   4.908E-02
   735  1700     8   2.604E-02   1.769E-01   2.865E-03   4.908E-02
   735   735     8   0.000E+00   0.000E+00   2.865E-03   4.908E-02
  1762  1762     9   0.000E+00   0.000E+00   2.969E-09   2.969E-09
  1762  1838     9   1.175E-45   1.175E-45   2.969E-09   2.969E-09
  1762  1763     9   4.668E-45   4.668E-45   2.969E-09   2.969E-09
  1838  1762     9   1.242E-45   1.242E-45   2.969E-09   2.969E-09
  1838  1838     9   0.000E+00   0.000E+00   2.969E-09   2.969E-09
  1838  1763     9   4.601E-45   4.601E-45   2.969E-09   2.969E-09
  1763  1762     9   3.024E-45   3.024E-45   2.969E-09   2.969E-09
  1763  1838     9   2.819E-45   2.819E-45   2.969E-09   2.969E-09
  1763  1763     9   0.000E+00   0.000E+00   2.969E-09   2.969E-09
    12    12    10   0.000E+00   0.000E+00   2.823E-09   2.823E-09
    12  2202    10   2.921E-45   2.921E-45   2.823E-09   2.823E-09
    12    29    10   2.921E-45   2.921E-45   2.823E-09   2.823E-09
  2202    12    10   3.855E-45   3.855E-45   2.823E-09   2.823E-09
  2202  2202    10   0.000E+00   0.000E+00   2.823E-09   2.823E-09
  2202    29    10   1.988E-45   1.988E-45   2.823E-09   2.823E-09
    29    12    10   3.855E-45   3.855E-45   2.823E-09   2.823E-09
    29  2202    10   1.988E-45   1.988E-45   2.823E-09   2.823E-09
    29    29    10   0.000E+00   0.000E+00   2.823E-09   2.823E-09
   784   784    11   0.000E+00   0.000E+00   3.021E-03   4.001E-02
   784   225    11   7.033E-02   5.075E-01   3.021E-03   4.001E-02
   784   768    11   2.171E-02   1.681E-01   3.021E-03   4.001E-02
   225   784    11   8.234E-02   6.253E-01   3.021E-03   4.661E-02
   225   225    11   0.000E+00   0.000E+00   3.021E-03   4.661E-02
   225   768    11   7.904E-03   8.132E-02   3.021E-03   4.661E-02
   768   784    11   5.628E-02   4.621E-01   3.021E-03   4.620E-02
   768   225    11   1.756E-02   1.799E-01   3.021E-03   4.620E-02
   768   768    11   0.000E+00   0.000E+00   3.021E-03   4.620E-02
  2206  2206    12   0.000E+00   0.000E+00   2.823E-09   2.823E-09
  2206    10    12   4.398E-45   4.398E-45   2.823E-09   2.823E-09
  2206    20    12   1.444E-45   1.444E-45   2.823E-09   2.823E-09
    10  2206    12   3.752E-45   3.752E-45   2.823E-09   2.823E-09
    10    10    12   0.000E+00   0.000E+00   2.823E-09   2.823E-09
    10    20    12   2.091E-45   2.091E-45   2.823E-09   2.823E-09
    20  2206    12   2.166E-45   2.166E-45   2.823E-09   2.823E-09
    20    10    12   3.677E-45   3.677E-45   2.823E-09   2.823E-09
    20    20    12   0.000E+00   0.000E+00   2.823E-09   2.823E-09
   584   584    13   0.000E+00   0.000E+00   2.961E-03   4.943E-02
   584   587    13   6.755E-02   4.843E-01   2.961E-03   4.943E-02
   584   792    13   3.721E-02   2.758E-01   2.961E-03   4.943E-02
   587   584    13   9.487E-02   6.575E-01   2.961E-03   4.417E-02
   587   587    13   0.000E+00   0.000E+00   2.961E-03   4.417E-02
   587   792    13   5.858E-03   6.302E-02   2.961E-03   4.417E-02
   792   584    13   8.272E-02   8.272E-02   2.961E-03   2.961E-03
   792   587    13   9.248E-03   9.248E-03   2.961E-03   2.961E-03
   792   792    13   0.000E+00   0.000E+00   2.961E-03   2.961E-03
    17    17    14   0.000E+00   0.000E+00   2.369E-08   2.369E-08
    17    32    14   4.264E-45   4.264E-45   2.369E-08   2.369E-08
    17  1767    14   1.579E-45   1.579E-45   2.369E-08   2.369E-08
    32    17    14   4.884E-45   4.884E-45   2.369E-08   2.369E-08
    32    32    14   0.000E+00   0.000E+00   2.369E-08   2.369E-08
    32  1767    14   9.587E-46   9.587E-46   2.369E-08   2.369E-08
  1767    17    14   3.819E-45   3.819E-45   2.369E-08   2.369E-08
  1767    32    14   2.024E-45   2.024E-45   2.369E-08   2.369E-08
  1767  1767    14   0.000E+00   0.000E+00   2.369E-08   2.369E-08
  2194  2194    15   0.000E+00   0.000E+00   2.275E-08   2.275E-08
  2194  2009    15   1.892E-45   1.892E-45   2.275E-08   2.275E-08
  2194    54    15   3.951E-45   3.951E-45   2.275E-08   2.275E-08
  2009  2194    15   4.344E-45   4.344E-45   2.275E-08   2.275E-08
  2009  2009    15   0.000E+00   0.000E+00   2.275E-08   2.275E-08
  2009    54    15   1.498E-45   1.498E-45   2.275E-08   2.275E-08
    54  2194    15   5.015E-45   5.015E-45   2.275E-08   2.275E-08
    54  2009    15   8.281E-46   8.281E-46   2.275E-08   2.275E-08
    54    54    15   0.000E+00   0.000E+00   2.275E-08   2.275E-08
  2004  2004    16   0.000E+00   0.000E+00   3.460E-09   3.460E-09
  2004  2167    16   4.457E-45   4.457E-45   3.460E-09   3.460E-09
  2004   106    16   1.386E-45   1.386E-45   3.460E-09   3.460E-09
  2167  2004    16   4.431E-45   4.431E-45   3.460E-09   3.460E-09
  2167  2167    16   0.000E+00   0.000E+00   3.460E-09   3.460E-09
  2167   106    16   1.412E-45   1.412E-45   3.460E-09   3.460E-09
   106  2004    16   2.886E-45   2.886E-45   3.460E-09   3.460E-09
   106  2167    16   2.957E-45   2.957E-45   3.460E-09   3.460E-09
   106   106    16   0.000E+00   0.000E+00   3.460E-09   3.460E-09
  2009  2009    17   0.000E+00   0.000E+00   2.275E-08   2.275E-08
  2009    92    17   9.855E-46   9.855E-46   2.275E-08   2.275E-08
  2009    14    17   4.857E-45   4.857E-45   2.275E-08   2.275E-08
    92  2009    17   1.487E-45   1.487E-45   2.275E-08   2.275E-08
    92    92    17   0.000E+00   0.000E+00   2.275E-08   2.275E-08
    92    14    17   4.356E-45   4.356E-45   2.275E-08   2.275E-08
